2 0.125 0.19609375 0.2328125 0.3609375
2 0.3609375 0.19609375 0.21796875 0.3453125
2 0.58671875 0.17265625 0.21171875 0.3296875
2 0.84609375 0.1828125 0.23515625 0.33359375
2 0.12109375 0.53203125 0.2203125 0.29375
2 0.35859375 0.53359375 0.20078125 0.32109375
2 0.59296875 0.515625 0.22890625 0.3171875
2 0.8625 0.5078125 0.215625 0.29375
2 0.1328125 0.8453125 0.23046875 0.309375
2 0.37578125 0.84921875 0.20546875 0.3015625
2 0.6125 0.84296875 0.1984375 0.31328125
2 0.86328125 0.8390625 0.2734375 0.30546875