2 0.12578125 0.11328125 0.128125 0.146875
2 0.1234375 0.28359375 0.13828125 0.1390625
2 0.11796875 0.4625 0.1125 0.13125
2 0.128125 0.62109375 0.1125 0.146875
2 0.1203125 0.77578125 0.10234375 0.12265625
2 0.1296875 0.940625 0.11015625 0.11875
2 0.27421875 0.60546875 0.1078125 0.09140625
2 0.2734375 0.75 0.1 0.103125
2 0.27578125 0.92421875 0.10546875 0.13515625
2 0.2703125 0.2859375 0.1203125 0.103125
2 0.2734375 0.46015625 0.10546875 0.13515625
2 0.2796875 0.11328125 0.1234375 0.146875
2 0.40859375 0.11328125 0.10546875 0.1625
2 0.40625 0.29921875 0.11015625 0.146875
2 0.40234375 0.46640625 0.09765625 0.09921875
2 0.40234375 0.62265625 0.1125 0.1109375
2 0.4015625 0.771875 0.08984375 0.11484375
2 0.4 0.9328125 0.10234375 0.103125
2 0.53359375 0.1015625 0.1125 0.12265625
2 0.54375 0.29921875 0.0765625 0.1546875
2 0.53828125 0.46015625 0.0921875 0.1109375
2 0.53984375 0.61484375 0.09453125 0.12734375
2 0.534375 0.7796875 0.084375 0.10703125
2 0.54140625 0.934375 0.09765625 0.09921875
2 0.67578125 0.92421875 0.10546875 0.12734375
2 0.6625 0.778125 0.115625 0.12734375
2 0.7859375 0.778125 0.0796875 0.11875
2 0.79375 0.9265625 0.06953125 0.09140625
2 0.66171875 0.3015625 0.0875 0.12734375
2 0.64765625 0.11875 0.08984375 0.11875
2 0.79375 0.11484375 0.10546875 0.11875
2 0.79140625 0.2796875 0.1 0.09921875
2 0.79453125 0.4625 0.0921875 0.1390625
2 0.6640625 0.46015625 0.08203125 0.11875
2 0.66015625 0.6171875 0.0796875 0.12265625
2 0.79609375 0.6109375 0.1 0.11875
2 0.9125 0.103125 0.09765625 0.103125
2 0.90625 0.29765625 0.06953125 0.14296875
2 0.9078125 0.45859375 0.1078125 0.12265625
2 0.90390625 0.62734375 0.07421875 0.103125
2 0.9140625 0.76953125 0.1 0.0953125
2 0.90234375 0.9265625 0.0921875 0.09140625