2 0.1796875 0.190625 0.20546875 0.23046875
2 0.4125 0.1765625 0.17421875 0.19453125
2 0.18359375 0.521875 0.1765625 0.21796875
2 0.17578125 0.83515625 0.15625 0.20234375
2 0.39375 0.853125 0.1515625 0.1984375
2 0.61640625 0.86484375 0.15625 0.190625
2 0.81953125 0.85703125 0.1765625 0.190625
2 0.6421875 0.184375 0.19765625 0.2265625
2 0.40234375 0.5296875 0.15859375 0.2578125
2 0.61953125 0.5296875 0.14140625 0.2578125
2 0.8421875 0.5078125 0.171875 0.26171875
2 0.8640625 0.2140625 0.1484375 0.26171875