1 0.10390625 0.071875 0.171875 0.1171875
1 0.3015625 0.0875 0.1984375 0.1578125
1 0.09453125 0.53125 0.171875 0.18046875
1 0.29765625 0.56328125 0.20703125 0.153125
1 0.0921875 0.68671875 0.15 0.1125
1 0.10390625 0.80390625 0.15390625 0.1125
1 0.0921875 0.92734375 0.15 0.1453125
1 0.26875 0.73203125 0.1671875 0.1484375
1 0.27109375 0.8984375 0.15390625 0.17578125
1 0.4734375 0.91015625 0.215625 0.1625
1 0.6765625 0.903125 0.16328125 0.13984375
1 0.5265625 0.571875 0.171875 0.12578125
1 0.8875 0.90078125 0.20703125 0.18046875
1 0.409375 0.6421875 0.1765625 0.0859375
1 0.50625 0.7546875 0.246875 0.1484375
1 0.709375 0.55859375 0.20234375 0.153125
1 0.33515625 0.41640625 0.20234375 0.13046875
1 0.12109375 0.3625 0.215625 0.13046875
1 0.11484375 0.20703125 0.20234375 0.13515625
1 0.3171875 0.25 0.1671875 0.1578125
1 0.48046875 0.22265625 0.15859375 0.1578125
1 0.51796875 0.3984375 0.20703125 0.1578125
1 0.71328125 0.378125 0.140625 0.13515625
1 0.65625 0.24765625 0.13203125 0.1171875
1 0.71328125 0.09453125 0.20234375 0.18046875
1 0.49375 0.071875 0.2203125 0.13515625
1 0.90546875 0.0921875 0.171875 0.17578125
1 0.87890625 0.25234375 0.215625 0.1625
1 0.8921875 0.43046875 0.1984375 0.184375
1 0.9140625 0.740625 0.171875 0.121875
1 0.715625 0.740625 0.215625 0.17578125
1 0.90078125 0.6015625 0.18046875 0.1578125