1 0.121875 0.15234375 0.221875 0.2734375
1 0.08671875 0.8734375 0.165625 0.2
1 0.29140625 0.86015625 0.184375 0.2578125
1 0.48671875 0.86328125 0.1765625 0.21015625
1 0.69375 0.84765625 0.2140625 0.23125
1 0.8984375 0.89453125 0.165625 0.1578125
1 0.09609375 0.6234375 0.184375 0.215625
1 0.28359375 0.6265625 0.19921875 0.16875
1 0.49609375 0.61328125 0.203125 0.19453125
1 0.7046875 0.61015625 0.1765625 0.17890625
1 0.8875 0.634375 0.18828125 0.23671875
1 0.9078125 0.40546875 0.16171875 0.17890625
1 0.71796875 0.37890625 0.1953125 0.22109375
1 0.5265625 0.38671875 0.14296875 0.2265625
1 0.32109375 0.39453125 0.23671875 0.21015625
1 0.1015625 0.41875 0.18828125 0.184375
1 0.36875 0.13671875 0.22578125 0.2421875
1 0.628125 0.13984375 0.2484375 0.215625
1 0.8703125 0.15 0.2140625 0.2578125