1 0.15 0.26015625 0.1046875 0.16640625
1 0.14921875 0.55625 0.1125 0.11796875
1 0.30703125 0.521875 0.12109375 0.16171875
1 0.15078125 0.771875 0.109375 0.11796875
1 0.31640625 0.7890625 0.11953125 0.12265625
1 0.4859375 0.7734375 0.103125 0.13984375
1 0.48203125 0.4984375 0.1015625 0.14453125
1 0.325 0.23046875 0.1078125 0.2109375
1 0.49921875 0.24609375 0.103125 0.18359375
1 0.6828125 0.26015625 0.11796875 0.146875
1 0.68359375 0.5046875 0.08671875 0.12265625
1 0.86484375 0.2546875 0.09609375 0.11796875
1 0.859375 0.50390625 0.08828125 0.125
1 0.66796875 0.765625 0.1015625 0.1984375
1 0.84921875 0.75 0.103125 0.1765625