1 0.08984375 0.3140625 0.12109375 0.36171875
1 0.090625 0.72890625 0.12265625 0.36171875
1 0.225 0.70703125 0.12265625 0.33828125
1 0.2265625 0.31171875 0.12890625 0.33828125
1 0.36796875 0.31171875 0.12421875 0.34765625
1 0.36328125 0.7046875 0.11953125 0.3140625
1 0.50390625 0.709375 0.12265625 0.33359375
1 0.50546875 0.31171875 0.12890625 0.36640625
1 0.64453125 0.3 0.1125 0.34296875
1 0.6421875 0.72109375 0.11796875 0.36640625
1 0.77890625 0.3046875 0.115625 0.35234375
1 0.7796875 0.71640625 0.11796875 0.35703125
1 0.92109375 0.30234375 0.12265625 0.35703125
1 0.9171875 0.70703125 0.1125 0.34765625