2 0.10078125 0.11953125 0.18125 0.21796875
2 0.3015625 0.11328125 0.20390625 0.2078125
2 0.09609375 0.53671875 0.13984375 0.14375
2 0.2984375 0.3140625 0.1765625 0.1796875
2 0.1109375 0.3359375 0.2140625 0.2078125
2 0.11953125 0.70703125 0.22890625 0.146875
2 0.0890625 0.88984375 0.17265625 0.1859375
2 0.33828125 0.7125 0.1640625 0.146875
2 0.30234375 0.89375 0.1796875 0.18125
2 0.5203125 0.90859375 0.22109375 0.1515625
2 0.9046875 0.88125 0.1734375 0.2
2 0.7359375 0.75546875 0.1921875 0.23359375
2 0.534375 0.71015625 0.2140625 0.21796875
2 0.296875 0.52265625 0.2484375 0.19375
2 0.54140625 0.51328125 0.22734375 0.16875
2 0.8953125 0.54609375 0.19375 0.1890625
2 0.7421875 0.5375 0.15859375 0.1578125
2 0.49921875 0.32421875 0.20390625 0.1875
2 0.52421875 0.1109375 0.2109375 0.21328125
2 0.7328125 0.10859375 0.1828125 0.21484375
2 0.90859375 0.09765625 0.1546875 0.1921875
2 0.6953125 0.32109375 0.1578125 0.171875
2 0.88515625 0.32265625 0.1921875 0.22265625