2 0.3171875 0.4671875 0.421875 0.53828125
2 0.18515625 0.82109375 0.26015625 0.33515625
2 0.4890625 0.8734375 0.23046875 0.25234375
2 0.69140625 0.64375 0.284375 0.3640625
2 0.72890625 0.9015625 0.2453125 0.196875
2 0.90234375 0.865625 0.15 0.22890625
2 0.871875 0.76171875 0.25 0.20703125
2 0.88515625 0.48671875 0.2296875 0.2765625
2 0.671875 0.24375 0.33984375 0.3875
2 0.828125 0.07109375 0.23828125 0.1375
2 0.91875 0.2734375 0.16171875 0.3203125
2 0.05546875 0.5875 0.1078125 0.27265625
2 0.22265625 0.12109375 0.25 0.2375
2 0.40390625 0.1046875 0.1859375 0.2046875